10012
10153
10155
10332
10333
10334
10335
10336
10337
10338
10350
10351
10354
10355
10370
10371
10372
10373
10374
10375
10377
10378
10382
10383
10384
10385
10405
10460
10500
10504
10506
10507
10510
10511
10512
10515
10516
10517
10518
10519
10520
10521
10522
10523
10525
10531
10532
10533
10535
10536
10540
10544
10545
10546
10550
10552
10553
10560
10561
10571
10578
10610
10611
10612
10618
10620
10626
10630
10635
10636
10640
10647
10648
10650
10658
10660
10661
10664
10665
10667
10670
10675
10678
10688
10691
10780
10781
10785
10786
10788
10796
11115
11120
11121
11122
11123
11124
11127
11128
11129
11130
11131
11134
11135
11136
11137
11138
11139
11140
11143
11144
11145
11146
11147
11148
11149
11151
11152
11153
11156
11157
11160
11161
11164
11171
11173
11174
11177
11213
11214
11215
11216
11217
11218
11219
11220
11221
11222
11223
11224
11225
11226
11227
11228
11229
11230
11231
11232
11233
11234
11235
11236
11237
11238
11239
11240
11241
11242
11243
11244
11245
11246
11247
11248
11249
11250
11251
11252
11253
11254
11255
11256
11257
11258
11259
11260
11261
11262
11263
11264
11265
11266
11267
11268
11269
11273
11275
11280
11281
11282
11283
11284
11285
11286
11287
11288
11289
11320
11321
11322
11323
11324
11325
11326
11327
11328
11329
11330
11331
11332
11333
11334
11335
11336
11337
11338
11339
11340
11341
11342
11343
11344
11345
11346
11347
11348
11349
11350
11351
11352
11353
11354
11355
11356
11357
11358
11359
11360
11361
11362
11363
11364
11365
11366
11367
11368
11369
11388
11391
11392
11393
11394
11395
11415
11416
11417
11418
11419
11420
11421
11422
11423
11424
11425
11426
11427
11428
11429
11430
11431
11432
11433
11434
11435
11436
11437
11438
11439
11440
11441
11442
11443
11444
11445
11446
11447
11448
11449
11450
11451
11452
11453
11454
11455
11456
11457
11458
11459
11460
11475
11479
11490
11494
11495
11501
11520
11521
11522
11523
11524
11525
11526
11527
11528
11529
11530
11531
11532
11533
11534
11535
11536
11537
11538
11539
11540
11541
11542
11543
11544
11545
11546
11547
11548
11549
11550
11551
11553
11556
11557
11558
11559
11560
11576
11577
11579
11580
11582
11584
11587
11588
11589
11620
11621
11622
11623
11624
11625
11628
11629
11630
11631
11632
11633
11634
11635
11636
11637
11638
11639
11640
11641
11642
11643
11644
11645
11646
11647
11648
11649
11650
11661
11662
11663
11664
11665
11666
11667
11668
11674
11681
11685
11726
11727
11728
11729
11730
11731
11732
11733
11734
11735
11736
11737
11738
11739
11740
11741
11743
11750
11754
11755
11756
11757
11758
11759
11760
11761
11762
11763
11764
11765
11766
11767
11768
11769
11770
11771
11775
11780
11783
11784
11785
11786
11788
11799
11820
11821
11822
11823
11824
11825
11826
11827
11828
11829
11830
11842
11846
11847
11848
11849
11850
11851
11852
11853
11854
11855
11856
11857
11858
11859
11860
11861
11862
11863
11864
11865
11866
11867
11869
11872
11881
11882
11883
11887
12000
12030
12031
12032
12033
12038
12039
12040
12044
12047
12048
12050
12051
12052
12053
12054
12055
12056
12057
12058
12059
12060
12061
12062
12063
12064
12065
12066
12067
12068
12069
12070
12071
12078
12079
12082
12086
12087
12088
12130
12131
12132
12133
12134
12135
12136
12137
12138
12139
12140
12143
12144
12145
12146
12147
12148
12149
12150
12151
12152
12153
12154
12155
12156
12162
12163
12177
12186
12187
12188
12231
12232
12233
12234
12237
12238
12239
12240
12241
12242
12243
12244
12245
12246
12247
12248
12249
12260
12262
12263
12264
12265
12266
12286
12288
12331
12332
12333
12334
12340
12341
12342
12343
12344
12345
12346
12347
12348
12349
12350
12352
12353
12354
12355
12356
12357
12358
12359
12360
12361
12363
12371
12372
12373
12386
12430
12431
12432
12433
12434
12450
12451
12452
12453
12454
12455
12456
12457
12458
12459
12460
12461
12462
12463
12464
12465
12466
12467
12470
12471
12472
12473
12474
12475
12476
12477
12530
12531
12532
12533
12534
12535
12540
12541
12542
12543
12544
12545
12546
12547
12548
12549
12551
12552
12553
12554
12555
12556
12557
12558
12559
12560
12570
12571
12572
12573
12574
12580
12581
12582
12586
12620
12625
12626
12628
12629
12630
12631
12632
12633
12634
12635
12636
12637
12638
12639
12640
12641
12642
12647
12648
12649
12650
12651
12652
12653
12654
12655
12677
12678
12679
12680
12686
12689
12730
12731
12732
12733
12734
12735
12736
12737
12738
12739
12740
12741
12742
12743
12744
12745
12746
12747
12748
12749
12751
12760
12761
12784
12785
12786
12820
12830
12831
12832
12833
12834
12835
12836
12838
12839
12841
12842
12843
12844
12845
12846
12847
12848
12862
12863
12864
12865
12866
12867
12868
12869
12885
12920
12930
12931
12932
12933
12934
12935
12936
12937
12938
12939
12940
12941
12942
12943
12944
12945
12946
12947
12948
12949
12950
12951
12952
12953
12954
12955
12956
12957
13025
13033
13034
13036
13038
13039
13041
13042
13043
13044
13045
13055
13056
13061
13120
13130
13131
13132
13133
13134
13135
13136
13137
13138
13139
13140
13141
13142
13144
13145
13146
13147
13148
13149
13150
13151
13152
13153
13154
13155
13156
13157
13158
13159
13160
13161
13165
13171
13172
13173
13174
13175
13176
13180
13181
13182
13183
13185
13220
13230
13231
13232
13233
13234
13235
13236
13237
13238
13239
13240
13241
13242
13243
13244
13245
13246
13247
13248
13249
13250
13251
13252
13253
13254
13281
13331
13332
13333
13334
13335
13336
13337
13338
13339
13341
13342
13343
13344
13345
13348
13349
13380
13381
13383
13406
13407
13408
13430
13431
13432
13433
13434
13435
13436
13437
13438
13439
13440
13441
13442
13443
13444
13445
13446
13450
13451
13452
13453
13460
13461
13462
13463
13464
13465
13466
13467
13468
13469
13481
13482
13492
13530
13531
13533
13534
13535
13536
13537
13538
13539
13540
13541
13542
13543
13544
13545
13546
13547
13548
13549
13550
13551
13552
13553
13554
13555
13558
13559
13560
13561
13562
13563
13567
13568
13569
13570
13581
13582
13635
13636
13637
13638
13639
13640
13641
13642
13643
13644
13645
13646
13647
13648
13649
13650
13651
13652
13653
13654
13655
13656
13657
13658
13659
13660
13661
13662
13663
13664
13665
13666
13667
13668
13669
13670
13671
13672
13673
13674
13675
13676
13681
13682
13683
13687
13689
13731
13732
13734
13736
13737
13738
13739
13740
13741
13742
13743
13744
13754
13755
13756
13757
13758
13760
13761
13762
13763
13764
13765
13766
13767
13768
13769
13770
13771
13791
13792
13793
13794
13795
13796
13797
13830
13831
13832
13833
13834
13835
13836
13837
13839
13840
13930
13931
13932
13933
13934
13935
13936
13937
13940
13941
13950
13951
13952
13953
13954
13955
13956
13960
13970
13971
13972
13973
13974
13975
13990
14130
14131
14132
14133
14134
14135
14136
14137
14138
14139
14140
14141
14142
14143
14144
14145
14146
14147
14148
14149
14150
14151
14152
14153
14154
14155
14156
14157
14158
14159
14160
14161
14162
14163
14168
14169
14170
14171
14172
14173
14174
14175
14183
14184
14185
14186
14187
14188
14191
14192
14230
14231
14232
14233
14234
14235
14240
14241
14242
14243
14250
14251
14252
14253
14260
14261
14262
14263
14264
14265
14266
14267
14281
14282
14291
14330
14331
14332
14335
14340
14341
14342
14343
14344
14345
14346
14347
14430
14431
14432
14433
14437
14440
14442
14444
14451
14452
14461
14462
14463
14464
14480
14550
14551
14552
14553
14554
14555
14556
14557
14558
14559
14560
14563
14564
14565
14567
14568
14569
14570
14571
14572
14573
14574
14575
14576
14581
14583
14584
14590
14630
14631
14632
14633
14634
14635
14636
14637
14638
14640
14641
14645
14646
14648
14649
14650
14652
14653
14654
14680
14730
14731
14732
14733
14734
14735
14739
14740
14741
14742
14743
14744
14745
14746
14750
14751
14752
14753
14754
14755
14760
14761
14762
14763
14764
14770
14771
14780
14782
14785
14791
14792
14830
14831
14832
14833
14834
14835
14840
14860
14870
14871
14880
14891
14892
14893
14895
14896
14897
14930
14931
14932
14933
14934
14935
14940
14941
14942
14943
14945
14950
14951
14980
14981
14982
14991
14992
14995
15132
15133
15134
15135
15136
15137
15138
15139
15140
15144
15145
15146
15147
15148
15150
15151
15152
15153
15154
15155
15156
15157
15159
15160
15161
15162
15163
15164
15165
15166
15167
15168
15171
15172
15173
15181
15182
15183
15185
15187
15188
15189
15196
15225
15226
15227
15230
15231
15240
15241
15242
15243
15244
15248
15249
15250
15251
15252
15254
15255
15256
15257
15258
15259
15270
15271
15286
15295
15297
15330
15331
15332
15335
15336
15337
15338
15360
15371
15381
15391
15392
15393
15394
15395
15396
15530
15531
15532
15533
15534
15535
15536
15537
15591
15592
15593
15594
16184
16186
16189
16243
16244
16245
16246
16247
16250
16251
16252
16253
16254
16255
16256
16257
16258
16260
16261
16262
16263
16264
16265
16266
16267
16268
16270
16271
16272
16273
16274
16283
16287
16288
16289
16340
16341
16342
16343
16344
16345
16346
16347
16348
16349
16350
16351
16352
16353
16354
16355
16356
16357
16358
16361
16362
16363
16364
16365
16366
16367
16368
16370
16371
16372
16373
16374
16375
16376
16377
16385
16394
16430
16431
16432
16433
16434
16435
16436
16437
16438
16439
16440
16441
16442
16443
16444
16445
16446
16447
16448
16451
16452
16453
16455
16456
16457
16458
16471
16472
16473
16474
16475
16476
16477
16478
16479
16480
16481
16482
16483
16484
16486
16487
16488
16491
16492
16495
16496
16497
16552
16553
16554
16555
16556
16557
16558
16559
16560
16561
16562
16563
16564
16565
16566
16570
16571
16572
16573
16574
16575
16576
16577
16578
16731
16732
16733
16735
16736
16737
16738
16739
16740
16741
16743
16744
16745
16751
16752
16753
16754
16755
16756
16757
16758
16761
16762
16763
16764
16765
16766
16767
16771
16772
16773
16774
16775
16776
16780
16781
16830
16831
16832
16833
16834
16835
16836
16837
16838
16839
16840
16841
16842
16843
16844
16845
16846
16847
16848
16849
16850
16851
16852
16853
16854
16855
16856
16857
16858
16859
16860
16861
16862
16863
16864
16865
16866
16867
16868
16869
16870
16871
16872
16873
16874
16875
16876
16877
16878
16879
16930
16931
16932
16933
16934
16935
16936
16937
16938
16939
16940
16941
16950
16951
16952
16953
16954
16955
16956
16957
16958
16959
16960
16961
16962
16963
16964
16965
16966
16967
16968
16969
16970
16971
16972
16973
16974
16975
16979
16980
16981
16983
17000
17060
17061
17062
17063
17065
17066
17067
17068
17069
17070
17071
17072
17073
17074
17075
17076
17077
17078
17079
17080
17081
17082
17117
17118
17141
17142
17143
17144
17145
17147
17148
17149
17150
17151
17152
17153
17154
17155
17156
17157
17158
17159
17160
17161
17162
17163
17164
17165
17166
17167
17168
17169
17170
17171
17172
17173
17174
17175
17176
17178
17179
17180
17181
17182
17183
17185
17186
17187
17188
17189
17191
17193
17194
17195
17196
17197
17199
17230
17231
17232
17233
17234
17235
17236
17237
17238
17239
17240
17241
17261
17262
17263
17264
17265
17266
17267
17268
17269
17270
17271
17272
17273
17274
17275
17276
17277
17278
17279
17281
17282
17284
17287
17288
17292
17441
17442
17443
17444
17445
17446
17447
17448
17449
17450
17451
17452
17453
17454
17455
17456
17457
17458
17459
17460
17461
17462
17463
17464
17465
17466
17530
17531
17532
17533
17534
17541
17542
17543
17544
17545
17546
17547
17548
17549
17550
17551
17552
17553
17554
17555
17556
17557
17560
17561
17562
17563
17564
17565
17566
17567
17568
17569
17572
17580
17588
17589
17668
17669
17670
17671
17672
17673
17674
17675
17676
17677
17678
17714
17730
17731
17732
17733
17734
17735
17736
17737
17738
17739
17740
17741
17742
17743
17744
17745
17746
17747
17748
17750
17751
17752
17753
17754
17755
17756
17757
17758
17759
17760
17761
17762
17763
17764
17765
17766
17767
17768
17770
17771
17772
17830
17831
17832
17833
17834
17835
17836
17837
17838
17839
17840
17841
17851
17852
17853
17854
17890
17891
17892
17893
17960
17961
17962
17963
17965
17975
17995
17996
17997
17998
18129
18130
18131
18132
18133
18134
18135
18136
18137
18138
18139
18140
18141
18142
18143
18144
18145
18146
18147
18148
18150
18151
18155
18156
18157
18158
18159
18160
18161
18162
18163
18164
18165
18166
18167
18170
18181
18182
18190
18230
18231
18232
18233
18234
18235
18236
18237
18238
18239
18245
18246
18247
18248
18249
18250
18252
18253
18254
18255
18256
18257
18258
18260
18261
18262
18263
18264
18265
18266
18267
18268
18269
18270
18273
18274
18275
18276
18277
18278
18279
18285
18287
18288
18291
18330
18331
18332
18333
18334
18335
18336
18337
18338
18339
18341
18347
18348
18349
18350
18351
18352
18353
18354
18355
18356
18357
18358
18359
18360
18361
18362
18363
18364
18365
18366
18367
18368
18369
18370
18371
18372
18374
18375
18376
18377
18378
18379
18380
18383
18384
18403
18430
18431
18432
18433
18434
18435
18436
18437
18438
18439
18440
18441
18442
18443
18444
18450
18451
18452
18453
18460
18461
18462
18463
18464
18470
18480
18485
18486
18491
18492
18493
18494
18495
18496
18497
18500
18531
18532
18533
18534
18535
18537
18539
18541
18551
18581
18582
18583
18591
18593
18594
18595
18630
18631
18632
18633
18634
18635
18636
18637
18638
18639
18640
18641
18642
18643
18644
18645
18646
18647
18648
18650
18651
18652
18653
18654
18655
18656
18660
18670
18686
18691
18692
18693
18694
18695
18696
18697
18730
18731
18732
18733
18734
18735
18736
18737
18738
18740
18741
18742
18743
18744
18745
18746
18747
18748
18749
18750
18751
18752
18753
18754
18759
18760
18761
18762
18763
18764
18765
18766
18767
18768
18769
18770
18772
18773
18774
18775
18776
18777
19045
19046
19047
19050
19060
19131
19133
19134
19135
19136
19137
19138
19139
19140
19141
19142
19143
19144
19145
19146
19147
19148
19149
19150
19160
19161
19162
19163
19164
19165
19181
19183
19184
19185
19186
19189
19232
19248
19251
19252
19253
19254
19255
19256
19257
19258
19259
19265
19266
19267
19268
19269
19270
19271
19272
19273
19274
19275
19276
19277
19278
19279
19330
19331
19332
19333
19334
19335
19336
19337
19338
19340
19341
19391
19430
19431
19432
19433
19434
19435
19436
19437
19438
19439
19440
19441
19442
19443
19444
19445
19446
19447
19449
19451
19452
19453
19454
19455
19456
19457
19460
19461
19462
19463
19464
19465
19466
19467
19468
19469
19470
19471
19472
19473
19474
19475
19476
19477
19478
19479
19480
19481
19482
19483
19484
19486
19487
19488
19489
19491
19492
19530
19531
19532
19533
19534
19535
19536
19540
19541
19542
19543
19544
19545
19546
19547
19550
19551
19552
19553
19554
19555
19556
19557
19558
19559
19560
19561
19562
19565
19566
19570
19571
19572
19580
19581
19582
19585
19587
19591
19592
19593
19594
19595
19596
19630
19631
19632
19633
19634
19635
19636
19637
19638
19639
19640
19641
19685
19691
19692
19693
19700
19720
19721
19722
19725
19730
19731
19732
19733
19734
19735
19736
19737
19740
19791
19792
19793
20502
21109
21110
21111
21112
21113
21114
21115
21116
21117
21118
21119
21120
21121
21122
21124
21125
21126
21127
21128
21129
21130
21131
21132
21133
21134
21135
21136
21137
21138
21139
21140
21141
21142
21143
21144
21145
21146
21147
21148
21149
21150
21151
21152
21153
21154
21155
21156
21157
21158
21159
21160
21165
21171
21173
21174
21175
21176
21177
21211
21212
21213
21214
21215
21216
21217
21218
21219
21220
21221
21222
21223
21224
21225
21226
21227
21228
21229
21230
21231
21232
21233
21234
21235
21236
21237
21238
21239
21240
21241
21242
21243
21244
21245
21246
21250
21251
21252
21253
21258
21291
21361
21362
21363
21364
21365
21366
21367
21368
21369
21370
21371
21372
21373
21374
21375
21376
21377
21402
21411
21412
21420
21421
21422
21423
21424
21425
21426
21427
21428
21429
21430
21431
21432
21433
21434
21435
21436
21437
21438
21439
21440
21441
21442
21443
21444
21445
21446
21447
21448
21449
21450
21454
21455
21456
21457
21458
21459
21463
21466
21467
21500
21526
21527
21531
21532
21533
21534
21535
21536
21537
21550
21551
21552
21553
21558
21559
21560
21561
21562
21563
21564
21565
21566
21567
21568
21569
21570
21571
21572
21573
21574
21578
21579
21580
21581
21582
21583
21584
21585
21586
21611
21612
21613
21614
21615
21616
21617
21618
21619
21620
21621
21622
21623
21624
21625
21626
21630
21631
21632
21633
21634
21635
21641
21642
21643
21644
21645
21646
21647
21648
21649
21741
21742
21743
21744
21745
21746
21747
21748
21749
21751
21752
21753
21754
21755
21756
21757
21758
21759
21761
21762
21763
21764
21765
21766
21767
21771
21772
21773
21774
21775
21831
21832
21833
21834
21836
21837
21838
21839
21840
21841
21842
21845
21846
21847
21851
21852
21853
21854
21855
21871
21872
21873
21874
21875
22183
22184
22185
22186
22187
22188
22219
22220
22221
22222
22223
22224
22225
22226
22227
22228
22229
22230
22235
22236
22237
22239
22240
22241
22242
22270
22271
22274
22275
22276
22349
22350
22351
22352
22353
22354
22355
22356
22357
22358
22359
22361
22362
22363
22364
22369
22370
22456
22457
22458
22460
22464
22465
22466
22467
22468
22471
22472
22473
22474
22475
22476
22477
22478
22479
22480
22481
22482
22484
22487
22488
22489
22591
22592
22593
22594
22638
22639
22641
22642
22643
22644
22645
22646
22647
22648
22649
22650
22651
22652
22653
22654
22655
22656
22657
22658
22660
22728
22729
22730
22731
22732
22733
22734
22735
22736
22738
22760
22761
22762
22763
22764
22800
22810
22811
22812
22813
22814
22820
23032
23131
23132
23133
23134
23136
23138
23142
23143
23144
23145
23151
23152
23153
23154
23155
23156
23161
23162
23163
23164
23165
23166
23167
23168
23169
23170
23172
23173
23175
23176
23178
23179
23181
23185
23187
23191
23192
23193
23194
23195
23196
23197
23198
23199
23231
23232
23233
23234
23235
23236
23237
23238
23239
23241
23251
23252
23253
23254
23261
23291
23322
23323
23324
23325
23326
23331
23332
23333
23334
23335
23336
23337
23338
23339
23341
23342
23343
23344
23351
23361
23362
23363
23364
23365
23371
23375
23376
23391
23392
23393
23394
23431
23432
23433
23434
23435
23436
23437
23438
23439
23440
23441
23442
23443
23456
23525
23531
23532
23533
23534
23535
23536
23537
23538
23539
23541
23542
23543
23591
23593
23594
23599
23631
23632
23633
23634
23635
23636
23637
23638
23641
23642
23651
23661
23691
23731
23732
23733
23734
23735
23736
23737
23741
23742
23791
23801
23820
23821
23822
23823
23830
23831
23832
23833
23834
23835
23836
23837
23838
23839
23840
23841
23842
23843
23930
23931
23932
23933
23934
23935
23936
23940
23941
23942
24130
24131
24132
24133
24134
24135
24136
24137
24138
24139
24140
24141
24161
24162
24164
24165
24171
24172
24174
24175
24181
24191
24192
24193
24194
24195
24196
24230
24231
24232
24233
24234
24235
24271
24272
24280
24291
24292
24293
24294
24295
24296
24297
24298
24320
24321
24322
24323
24326
24330
24331
24332
24333
24334
24335
24336
24339
24340
24341
24371
24372
24373
24391
24392
24393
24394
24395
24396
24397
24430
24431
24432
24433
24436
24438
24439
24441
24444
24445
24446
24460
24462
24463
24465
24466
24471
24491
24493
24494
24495
24530
24531
24532
24533
24534
24535
24537
24538
24541
24542
24543
24544
24545
24546
24561
24562
24563
24564
24565
24566
24591
24592
24593
24630
24631
24632
24633
24634
24635
24636
24641
24642
24643
24650
24651
24652
24655
24657
24729
24731
24732
24733
24734
24735
24736
24741
24745
24747
24750
24751
24752
24753
24754
24755
24756
24760
24761
24762
24763
24764
24770
24771
24772
24781
24782
24791
24792
24793
24794
24795
24796
24797
24798
24799
25100
25101
25181
25185
25187
25189
25200
25201
25218
25219
25220
25221
25222
25223
25224
25225
25226
25227
25228
25229
25230
25231
25232
25233
25234
25235
25236
25237
25238
25240
25241
25244
25245
25246
25247
25248
25249
25250
25251
25252
25263
25266
25267
25268
25269
25270
25271
25275
25276
25277
25278
25279
25280
25300
25302
25303
25304
25305
25306
25340
25341
25342
25351
25352
25353
25354
25355
25356
25357
25360
25361
25362
25368
25373
25374
25375
25400
25405
25420
25421
25422
25423
25424
25426
25427
25430
25431
25433
25434
25435
25436
25437
25438
25439
25440
25441
25442
25443
25444
25445
25446
25447
25448
25449
25450
25451
25452
25453
25454
25455
25457
25458
25459
25460
25462
25463
25464
25465
25466
25467
25468
25469
25470
25471
25472
25473
25474
25475
25476
25477
25478
25481
25482
25483
25484
25600
25654
25655
25656
25657
25658
25659
25661
25662
25663
25664
25665
25666
25667
25668
25669
25671
25730
25731
25732
25733
25734
25801
25802
25803
25804
25805
25806
25807
25808
25809
25810
25811
25812
25813
25814
25815
25825
25830
25840
25845
25850
25860
25870
25890
25895
25896
26035
26092
26103
26104
26106
26107
26108
26129
26130
26131
26132
26133
26134
26135
26136
26137
26138
26139
26140
26141
26142
26143
26144
26145
26146
26147
26151
26152
26153
26160
26161
26162
26163
26165
26171
26172
26173
26175
26176
26180
26191
26192
26193
26194
26201
26220
26230
26231
26232
26233
26234
26235
26236
26237
26241
26242
26243
26244
26250
26251
26252
26253
26254
26255
26256
26257
26258
26260
26261
26262
26263
26264
26265
26266
26267
26268
26270
26271
26272
26273
26274
26278
26279
26280
26281
26291
26292
26293
26294
26295
26296
26302
26303
26304
26305
26320
26331
26332
26333
26334
26335
26336
26337
26338
26339
26350
26351
26352
26353
26354
26357
26358
26361
26362
26363
26364
26365
26371
26372
26373
26375
26376
26377
26382
26383
26391
26392
26393
26394
26395
26401
26403
26431
26432
26433
26434
26435
26436
26437
26438
26439
26451
26452
26453
26454
26470
26471
26480
26491
26492
26493
26494
26501
26502
26503
26530
26531
26532
26533
26534
26535
26536
26537
26538
26539
26540
26550
26571
26572
26574
26575
26580
26581
26582
26590
26602
26620
26621
26631
26632
26633
26634
26635
26651
26652
26653
26654
26655
26675
26691
26692
26693
26694
26695
26697
26698
26701
26702
26703
26720
26731
26732
26733
26734
26735
26736
26737
26738
26739
26740
26741
26771
26772
26773
26774
26775
26776
26777
26781
26790
26801
26805
26806
26820
26831
26832
26833
26834
26868
26871
26872
26873
26874
26875
26876
26877
26878
26880
26881
26890
26901
26902
26903
26904
26920
26931
26932
26933
26934
26935
26936
26937
26938
26939
26940
26941
26942
26943
26944
26962
26971
26972
26973
26974
26976
26977
26978
26980
26981
26982
26983
26991
26992
26993
26994
26995
26996
27100
27101
27102
27120
27121
27122
27123
27124
27125
27131
27132
27133
27134
27135
27136
27137
27138
27139
27140
27141
27142
27143
27144
27145
27146
27150
27151
27152
27153
27154
27155
27156
27157
27160
27170
27171
27172
27173
27174
27175
27176
27177
27178
27180
27181
27182
27183
27191
27192
27193
27194
27195
27198
27199
27203
27221
27222
27223
27224
27231
27232
27233
27234
27235
27236
27237
27238
27239
27261
27280
27281
27291
27292
27293
27294
27295
27296
27297
27303
27321
27322
27330
27331
27332
27333
27334
27335
27336
27350
27355
27357
27380
27391
27392
27393
27394
27395
27397
27398
27430
27431
27432
27433
27434
27435
27436
27437
27438
27450
27451
27453
27454
27456
27460
27461
27462
27463
27491
27492
27493
27494
27530
27531
27532
27533
27534
27535
27536
27537
27538
27539
27562
27563
27564
27566
27567
27568
27570
27571
27572
27575
27576
27591
27592
27593
27594
27595
27596
27603
27621
27630
27635
27636
27637
27650
27655
27656
27660
27701
27721
27730
27731
27732
27735
27736
27737
27740
27745
28101
28102
28120
28121
28122
28123
28124
28125
28130
28131
28132
28133
28134
28135
28136
28137
28138
28139
28140
28141
28142
28143
28144
28145
28146
28147
28148
28149
28150
28151
28152
28153
28154
28155
28156
28180
28181
28182
28183
28185
28187
28191
28192
28193
28195
28197
28201
28221
28222
28223
28224
28231
28232
28233
28234
28235
28261
28262
28263
28264
28265
28266
28267
28268
28269
28271
28272
28273
28274
28275
28276
28291
28292
28293
28294
28295
28321
28322
28323
28331
28332
28333
28334
28335
28336
28341
28342
28343
28344
28345
28350
28371
28372
28376
28380
28383
28391
28393
28394
28395
28396
28421
28422
28431
28432
28433
28434
28435
28436
28437
28438
28480
28485
28491
28492
28521
28522
28523
28524
28531
28532
28533
28534
28535
28536
28537
28538
28539
28540
28591
28593
28631
28632
28633
28634
28635
28636
28637
28638
28672
28673
28674
28675
28680
28685
28691
28692
28693
28695
28731
28732
28733
28734
28772
28781
28791
28792
28793
28821
28822
28831
28832
28833
28834
28890
28893
28905
28906
28921
28931
28932
28933
28940
28941
28942
28943
28946
28947
28950
28971
28972
28973
28989
28990
28992
28993
28994
29030
29031
29032
29033
29050
29051
29102
29103
29105
29107
29108
29109
29111
29112
29113
29114
29121
29122
29123
29125
29128
29129
29130
29131
29132
29133
29134
29135
29136
29137
29138
29139
29140
29141
29142
29143
29144
29145
29146
29147
29148
29149
29150
29151
29153
29154
29155
29156
29157
29158
29159
29160
29161
29162
29163
29165
29166
29167
29168
29169
29170
29173
29175
29176
29177
29181
29184
29185
29186
29187
29188
29189
29191
29192
29193
29194
29195
29196
29197
29198
29331
29332
29333
29334
29335
29336
29337
29338
29339
29340
29341
29342
29372
29373
29374
29380
29391
29392
29393
29394
29395
29400
29407
29431
29432
29433
29434
29435
29436
29437
29438
29439
29440
29471
29472
29474
29475
29476
29477
29480
29481
29491
29492
29493
29494
29495
29504
29521
29522
29523
29531
29532
29534
29535
29536
29537
29538
29539
29550
29551
29572
29573
29574
29580
29591
29594
29602
29603
29621
29622
29623
29631
29632
29633
29634
29635
29637
29638
29639
29641
29672
29680
29681
29685
29686
29691
29692
29702
29721
29722
29731
29732
29772
29791
29792
29794
29795
29831
29832
29833
29834
29891
29892
29893
29894
29896
30180
30181
30185
30186
30187
30201
30202
30203
30204
30220
30221
30222
30223
30224
30225
30226
30227
30228
30229
30230
30231
30232
30233
30234
30235
30236
30237
30238
30239
30240
30241
30242
30243
30244
30245
30246
30247
30248
30249
30250
30251
30252
30253
30254
30255
30256
30257
30258
30259
30260
30261
30262
30263
30264
30265
30266
30267
30268
30269
30270
30271
30272
30273
30274
30275
30276
30277
30279
30283
30290
30291
30292
30293
30294
30295
30296
30560
30561
30564
30565
30570
30571
30572
30575
30576
30577
30578
30591
30592
30593
30594
30595
30596
30597
31031
31038
31040
31042
31050
31083
31130
31131
31132
31133
31134
31135
31136
31137
31138
31139
31140
31141
31142
31143
31144
31145
31146
31147
31148
31150
31151
31152
31154
31160
31161
31162
31163
31164
31165
31167
31168
31169
31170
31171
31172
31173
31174
31175
31176
31177
31178
31179
31180
31181
31182
31183
31190
31191
31192
31193
31194
31195
31196
31197
31198
31199
31207
31221
31222
31230
31231
31232
31233
31234
31235
31236
31240
31245
31250
31251
31252
31253
31260
31261
31262
31271
31272
31273
31275
31277
31280
31291
31292
31293
31294
31295
31296
31297
31298
31301
31303
31321
31322
31330
31331
31332
31333
31350
31391
31392
31393
31394
31395
31396
31397
31401
31403
31404
31405
31420
31421
31422
31431
31432
31434
31441
31442
31451
31452
31480
31481
31482
31491
31492
31494
31495
31496
33130
33131
33132
33133
33134
33135
33136
33137
33140
33141
33142
33143
33144
33150
33151
33152
33153
33154
33155
33156
33171
33172
33173
33174
33176
33177
33179
33181
33182
33183
33184
33185
33191
33192
33193
33194
33195
33196
33197
33198
33230
33231
33232
33233
33234
33235
33236
33237
33238
33280
33281
33291
33292
33330
33331
33332
33333
33371
33372
33373
33374
33375
33376
33377
33378
33391
33392
33393
33431
33432
33433
33435
33480
33491
33530
33531
33532
33533
33571
33572
33573
33574
33580
33591
33592
33593
33594
33595
33596
34015
34120
34131
34132
34133
34134
34135
34136
34137
34138
34139
34140
34141
34142
34143
34144
34150
34151
34152
34155
34160
34170
34171
34172
34173
34174
34175
34176
34177
34180
34181
34182
34183
34184
34189
34191
34193
34194
34196
34210
34220
34230
34231
34232
34233
34234
34235
34236
34237
34250
34251
34252
34253
34254
34255
34260
34261
34262
34263
34264
34265
34280
34290
34291
34292
34293
34294
34330
34331
34332
34333
34334
34335
34336
34337
34338
34371
34372
34373
34374
34375
34376
34390
34391
34392
34393
34394
34395
34396
34397
35220
35221
35222
35223
35226
35227
35228
35229
35230
35231
35232
35233
35234
35235
35236
35237
35238
35239
35240
35241
35242
35243
35244
35245
35246
35247
35248
35249
35250
35251
35252
35253
35254
35255
35256
35257
35258
35259
35260
35261
35262
35263
35264
35265
35266
35270
35271
35272
35273
35274
35571
35572
35573
35574
35575
35591
35592
35593
35594
35595
35596
35597
35598
35599
35998
36130
36131
36132
36133
36142
36153
36154
36180
36189
36191
36192
36193
36194
36195
36196
36197
36230
36231
36232
36240
36250
36251
36252
36253
36254
36256
36257
36258
36291
36292
36293
36294
36295
36296
36297
36298
36330
36331
36333
36334
36335
36341
36342
36344
36345
36391
36392
36393
36394
36430
36431
36433
36441
36442
36443
36444
36445
36491
36492
36493
36495
36496
36497
36531
36532
36533
36541
36542
36543
36544
36591
36592
36593
36594
37100
37101
37111
37112
37113
37114
37115
37116
37118
37129
37130
37131
37132
37133
37134
37135
37136
37137
37138
37139
37140
37141
37142
37143
37144
37145
37146
37147
37148
37149
37150
37151
37152
37153
37154
37155
37156
37157
37160
37161
37162
37163
37164
37165
37170
37175
37179
37180
37181
37182
37183
37184
37185
37186
37187
37188
37189
37191
37192
37193
37194
37229
37230
37231
37232
37233
37234
37235
37236
37237
37238
37239
37240
37241
37250
37251
37252
37253
37260
37261
37262
37263
37273
37274
37275
37276
37277
37278
37280
37281
37290
37291
37292
37293
37294
37295
37296
37297
37298
37330
37331
37332
37333
37334
37335
37336
37337
37338
37339
37340
37341
37342
37343
37344
37345
37346
37351
37352
37353
37354
37361
37362
37363
37364
37365
37366
37371
37372
37373
37374
37375
37377
37378
37379
37400
37401
37430
37431
37432
37433
37434
37435
37436
37437
37438
37439
37440
37441
37450
37451
37452
37453
37454
37470
37480
37481
37482
37483
37491
37492
37493
37494
37495
37496
37520
37521
37522
37530
37531
37532
37533
37534
37585
37586
37590
37591
37620
37623
37624
37635
37636
37637
37681
37692
37693
38230
38231
38232
38233
38234
38235
38236
38237
38238
38239
38240
38241
38242
38243
38244
38245
38246
38271
38272
38273
38274
38275
38276
38290
38291
38292
38293
38294
38296
38330
38331
38332
38333
38334
38335
38336
38337
38338
38339
38376
38391
38392
38430
38431
38440
38471
38472
38473
38491
38492
38493
38530
38531
38532
38533
38534
38540
38550
38551
38590
38591
38592
38593
38594
38595
38597
38598
38599
38602
38630
38631
38632
38633
38634
38635
38650
38651
38660
38661
38662
38663
38664
38690
38692
38693
38694
38695
38696
38703
38704
38731
38732
38733
38734
38735
38736
38737
38738
38750
38751
38752
38770
38771
38772
38773
38774
38775
38788
38790
38791
38792
38793
38794
38795
38796
38830
38831
38832
38840
38841
38850
38891
38892
38893
38894
38896
38897
38898
38899
39230
39231
39232
39233
39234
39235
39236
39237
39238
39239
39240
39241
39242
39243
39244
39245
39246
39247
39248
39249
39250
39251
39252
39253
39254
39255
39256
39257
39271
39349
39350
39351
39352
39353
39354
39355
39356
39357
39358
39359
39360
39361
39363
39364
39365
39366
39470
39471
39474
39477
39590
39591
39592
39593
39594
39595
39597
39598
40006
40007
40508
40531
41101
41102
41103
41104
41105
41106
41107
41108
41109
41110
41111
41112
41113
41114
41115
41116
41117
41118
41119
41120
41121
41122
41123
41124
41125
41126
41127
41128
41129
41130
41131
41132
41133
41134
41135
41136
41137
41138
41139
41140
41141
41143
41200
41220
41221
41222
41248
41249
41250
41251
41252
41253
41254
41255
41256
41257
41258
41259
41260
41261
41262
41263
41264
41265
41266
41267
41268
41269
41270
41271
41272
41273
41274
41275
41276
41277
41278
41279
41280
41281
41282
41283
41284
41285
41288
41289
41292
41295
41296
41297
41300
41301
41302
41303
41304
41305
41306
41307
41308
41309
41310
41311
41312
41313
41314
41315
41316
41317
41318
41319
41320
41321
41322
41323
41324
41325
41326
41327
41328
41329
41330
41345
41346
41380
41385
41390
41400
41447
41448
41449
41450
41451
41452
41453
41454
41455
41456
41457
41458
41459
41460
41461
41462
41463
41464
41465
41466
41467
41468
41469
41470
41471
41472
41473
41474
41475
41476
41477
41478
41479
41480
41481
41482
41483
41484
41485
41500
41502
41505
41511
41512
41513
41514
41515
41516
41517
41522
41523
41524
41525
41526
41527
41528
41531
41532
41533
41534
41535
41536
41537
41538
41541
41542
41543
41544
41545
41546
41547
41548
41550
41551
41552
41553
41554
41555
41556
41557
41561
41562
41563
41564
41565
41566
41567
41568
41571
41572
41573
41574
41582
41590
41600
41643
41644
41647
41648
41649
41650
41651
41652
41653
41654
41655
41656
41657
41658
41659
41660
41661
41662
41663
41664
41665
41666
41667
41668
41669
41670
41671
41672
41673
41674
41675
41676
41677
41678
41679
41680
41681
41682
41683
41685
41700
41701
41702
41703
41704
41705
41706
41707
41708
41709
41710
41711
41712
41713
41714
41715
41716
41717
41718
41720
41721
41722
41723
41724
41725
41726
41727
41728
41729
41730
41739
41740
41741
41742
41743
41744
41745
41746
41747
41748
41749
41750
41751
41752
41753
41754
41755
41756
41757
41758
41760
41761
41762
41763
41764
41765
41766
41767
41768
41769
41770
41779
41830
41831
41832
41833
41834
41835
41836
41837
41838
41839
41840
41841
41842
41843
41870
41871
41872
41873
41874
41875
41876
41877
41878
41879
42130
42131
42132
42133
42134
42135
42137
42138
42139
42140
42141
42142
42143
42144
42145
42146
42147
42148
42149
42150
42151
42152
42153
42154
42155
42157
42158
42159
42160
42161
42162
42163
42164
42165
42166
42167
42170
42171
42172
42173
42174
42180
42238
42239
42240
42241
42242
42243
42244
42245
42246
42247
42248
42249
42250
42251
42252
42253
42254
42255
42256
42257
42258
42259
42260
42261
42262
42263
42332
42333
42334
42336
42337
42338
42339
42340
42341
42342
42343
42346
42347
42349
42350
42351
42352
42353
42354
42355
42356
42359
42361
42363
42370
42371
42372
42373
42399
42431
42432
42433
42434
42435
42436
42437
42438
42439
42440
42441
42442
42443
42444
42445
42446
42447
42448
42449
42450
42453
42454
42455
42456
42457
42461
42465
42466
42467
42468
42469
42470
42471
42472
42490
42491
42530
42531
42532
42533
42534
42535
42536
42537
42538
42539
42541
42542
42543
42565
42650
42651
42652
42653
42654
42655
42656
42657
42658
42659
42668
42669
42670
42671
42672
42673
42674
42676
42677
42679
42680
42734
42735
42736
42737
42738
42739
42740
42750
42830
42831
42832
42833
42834
42835
42836
42837
42880
42881
42930
42931
42932
42933
42934
42935
42941
42942
42943
42944
42980
43080
43081
43082
43083
43084
43085
43130
43131
43132
43133
43134
43135
43136
43137
43138
43139
43140
43141
43142
43143
43144
43145
43146
43147
43148
43149
43150
43151
43153
43159
43160
43161
43162
43163
43164
43166
43167
43168
43169
43180
43181
43182
43183
43184
43190
43208
43230
43231
43232
43233
43234
43235
43236
43237
43238
43239
43240
43241
43242
43243
43244
43245
43246
43247
43248
43249
43250
43251
43252
43253
43254
43255
43256
43257
43263
43264
43265
43266
43267
43268
43269
43274
43275
43276
43277
43278
43279
43285
43286
43287
43291
43292
43293
43294
43295
43296
43297
43298
43299
43328
43330
43331
43332
43333
43334
43335
43336
43337
43338
43339
43341
43342
43343
43344
43345
43346
43347
43348
43349
43350
43351
43352
43353
43360
43361
43362
43363
43364
43365
43366
43367
43368
43369
43370
43375
43376
43380
43381
43382
43383
43384
43386
43430
43431
43432
43433
43434
43435
43436
43437
43438
43439
43440
43441
43442
43443
43444
43445
43446
43447
43448
43450
43451
43452
43460
43461
43479
43481
43482
43490
43491
43492
43493
43494
43495
43496
43497
43498
43499
43530
43531
43532
43533
43535
43537
43538
43539
43540
43541
43542
43543
43544
43580
43582
43583
43584
43632
43633
43634
43635
43636
43637
43638
43639
43640
43642
43643
43644
43645
43650
43651
43652
43653
43654
43655
43656
43657
43658
43682
43683
43730
43731
43732
43733
43734
43735
43736
43738
43740
43741
43742
43791
43792
43793
43804
43805
43832
43833
43834
43835
43836
43838
43839
43851
43852
43853
43854
43870
43880
43891
43892
43893
43894
43895
43896
43897
43898
43903
43930
43931
43932
43933
43934
43935
43936
43937
43951
43952
43953
43954
43955
43961
43962
43963
43964
43965
43971
43972
43973
43974
43975
43991
43992
43993
43994
44130
44131
44132
44133
44134
44135
44136
44137
44138
44139
44140
44141
44142
44143
44144
44145
44146
44150
44151
44155
44156
44157
44158
44160
44163
44165
44170
44171
44172
44173
44174
44175
44180
44182
44184
44191
44192
44193
44194
44195
44196
44219
44230
44231
44232
44233
44234
44235
44236
44237
44238
44239
44240
44241
44242
44243
44244
44245
44246
44247
44248
44249
44250
44251
44252
44253
44254
44255
44260
44265
44266
44267
44270
44271
44272
44273
44274
44275
44277
44280
44281
44282
44283
44290
44291
44292
44293
44294
44295
44296
44297
44298
44330
44331
44332
44333
44334
44335
44336
44338
44339
44340
44341
44342
44343
44344
44345
44350
44351
44360
44361
44370
44371
44372
44373
44374
44380
44391
44392
44395
44430
44431
44432
44440
44441
44442
44443
44444
44445
44446
44447
44448
44452
44453
44454
44455
44460
44461
44465
44482
44483
44484
44485
44486
44487
44491
44492
44493
44494
44495
44496
44497
44532
44533
44534
44536
44537
44552
44555
44556
44557
44580
44632
44633
44634
44635
44636
44637
44638
44640
44641
44691
44692
44693
44694
44695
44696
44697
44730
44731
44732
44733
44734
44735
44737
44781
44783
44791
44792
44793
44794
44795
44830
44831
44832
44833
44834
44835
44836
44837
44850
44851
44891
44892
44895
44896
44900
44911
44914
44915
44920
44930
44931
44932
44933
44934
44935
44936
44940
44941
44942
44943
44944
44950
44951
44970
44980
44981
44990
45073
45130
45131
45132
45133
45134
45140
45141
45142
45143
45144
45145
45150
45151
45152
45153
45154
45155
45160
45161
45162
45163
45170
45171
45172
45173
45175
45176
45177
45178
45179
45180
45181
45183
45184
45185
45190
45191
45192
45193
45194
45195
45196
45197
45198
45201
45204
45205
45230
45231
45232
45233
45234
45235
45236
45237
45238
45240
45250
45251
45252
45260
45270
45271
45280
45283
45290
45291
45292
45293
45294
45295
45296
45297
45301
45330
45331
45332
45333
45334
45335
45336
45337
45338
45340
45341
45350
45380
45381
45391
45392
45393
45430
45431
45432
45480
45491
45492
45493
45494
45495
45525
45530
45531
45532
45533
45534
45535
45541
45561
45580
45581
45583
45591
45592
45593
45595
45596
45597
45598
45601
45625
45626
45631
45632
45633
45634
45642
45643
45644
45647
45650
45651
45655
45660
45661
45662
45680
45681
45691
45692
45693
45694
45700
45701
45702
45724
45727
45728
45729
45730
45731
45732
45740
45741
45742
45743
45745
45746
45747
45748
45750
45751
45755
45756
45760
45761
45772
45773
45780
45781
45782
45791
45793
45795
45796
45797
45830
45831
45832
45840
45870
45880
45881
45891
45892
45893
45894
45896
45897
45930
45931
45932
45933
45980
45991
45993
45994
46130
46131
46132
46133
46134
46135
46137
46138
46139
46140
46141
46142
46143
46144
46150
46151
46152
46153
46154
46155
46157
46158
46159
46160
46161
46162
46163
46164
46165
46166
46167
46168
46170
46171
46173
46177
46178
46179
46180
46181
46182
46183
46184
46185
46188
46191
46192
46193
46194
46195
46196
46197
46198
46199
46230
46231
46232
46233
46234
46235
46236
46237
46238
46240
46241
46242
46250
46251
46252
46253
46254
46255
46256
46260
46261
46262
46269
46273
46280
46281
46282
46285
46291
46293
46294
46295
46296
46297
46330
46331
46332
46333
46334
46335
46371
46372
46375
46380
46381
46382
46392
46393
46394
46395
46396
46397
46430
46431
46432
46433
46434
46440
46450
46461
46462
46463
46464
46465
46466
46471
46472
46480
46482
46491
46492
46493
46494
46495
46530
46531
46580
46581
46582
46591
46593
46594
46595
46596
46597
46598
46680
46730
46731
46732
46735
46740
46780
46781
46782
46783
46784
46791
46792
46793
46794
46795
46796
46830
46831
46832
46833
46834
46880
46881
46882
46890
47130
47131
47132
47133
47141
47142
47143
47144
47150
47151
47160
47161
47162
47170
47171
47172
47173
47180
47190
47191
47192
47193
47194
47195
47197
47198
47231
47232
47291
47292
47293
47294
47295
47296
47297
47298
47301
47320
47321
47322
47323
47331
47332
47333
47334
47380
47391
47392
47393
47394
47395
47396
47397
47398
47399
47431
47432
47470
47471
47474
47491
47492
47493
47494
47495
47496
47531
47532
47535
47536
47537
47540
47541
47542
47545
47550
47551
47552
47553
47580
50185
50186
50187
50188
50189
50260
50300
50330
50331
50332
50333
50334
50335
50336
50337
50338
50342
50343
50400
50430
50431
50432
50433
50434
50435
50437
50438
50439
50441
50442
50443
50444
50445
50446
50447
50450
50451
50452
50453
50454
50455
50456
50457
50458
50460
50461
50462
50463
50464
50465
50466
50467
50468
50470
50471
50472
50475
50478
50490
50491
50492
50493
50494
50495
50496
50497
50630
50631
50632
50634
50635
50636
50637
50638
50639
50640
50641
50642
50643
50644
50646
50647
50648
50649
50670
50720
50730
50731
50732
50733
50734
50740
50741
50742
50743
50744
50745
50750
50751
50752
50753
50760
50761
50762
50763
50764
50765
50770
50771
50790
50999
51021
51022
51110
51120
51131
51141
51142
51153
51154
51155
51156
51157
51158
51159
51161
51162
51163
51164
51168
51169
51170
51171
51172
51173
51174
51182
51191
51192
51193
51194
51195
51196
51197
51198
51199
51250
51251
51252
51253
51254
51260
51261
51262
51263
51264
51265
51276
51277
51281
51283
51284
51285
51290
51291
51292
51293
51294
51295
51300
51332
51333
51334
51335
51350
51370
51380
51381
51382
51391
51392
51393
51394
51395
51396
51397
51400
51404
51405
51406
51411
51412
51431
51432
51433
51434
51435
51440
51441
51442
51443
51444
51450
51452
51453
51454
51455
51460
51461
51462
51463
51470
51480
51481
51483
51484
51491
51492
51493
51494
51495
51500
51532
51533
51534
51535
51560
51561
51570
51591
51592
51593
51600
51630
51631
51632
51633
51634
51650
51677
51680
51681
51690
51691
51692
51693
51694
51695
51696
51700
51733
51734
51735
51736
51737
51770
51771
51781
51782
51791
51792
51793
51794
51795
51796
51802
51820
51821
51822
51830
51831
51832
51833
51840
51841
51842
51843
51890
51891
51900
51920
51930
51931
51981
51990
51991
51992
51993
51994
51995
51996
51997
52024
52043
52101
52130
52131
52132
52133
52134
52135
52136
52137
52138
52139
52140
52141
52142
52143
52144
52145
52146
52147
52151
52152
52153
52154
52155
52156
52160
52161
52162
52163
52164
52170
52171
52172
52173
52174
52175
52181
52185
52186
52188
52191
52192
52193
52194
52195
52196
52197
52198
52201
52220
52230
52231
52232
52233
52234
52235
52236
52237
52281
52282
52283
52285
52291
52292
52293
52294
52320
52330
52331
52332
52333
52334
52335
52336
52337
52338
52339
52340
52341
52342
52343
52344
52345
52347
52348
52349
52360
52361
52362
52372
52374
52375
52376
52377
52378
52385
52390
52391
52392
52393
52394
52395
52396
52397
52398
52399
52402
52426
52430
52431
52432
52433
52441
52442
52480
52491
52492
52493
52495
52496
53030
53032
53120
53130
53131
53132
53133
53134
53135
53136
53137
53138
53139
53140
53141
53142
53143
53144
53150
53151
53152
53153
53154
53155
53156
53157
53158
53159
53160
53161
53162
53165
53170
53171
53173
53174
53175
53181
53185
53186
53187
53188
53191
53192
53193
53194
53195
53196
53197
53198
53199
53230
53231
53232
53233
53234
53235
53236
53237
53238
53239
53240
53241
53272
53273
53274
53280
53286
53288
53289
53292
53293
53294
53295
53296
53330
53331
53332
53333
53334
53350
53372
53374
53380
53382
53391
53392
53394
53395
53396
53397
53430
53431
53432
53433
53434
53450
53460
53461
53462
53473
53481
53482
53490
53491
53492
53493
53494
53495
53496
53530
53591
53592
53593
54015
54120
54130
54131
54132
54133
54134
54135
54136
54137
54150
54151
54152
54153
54154
54155
54156
54157
54171
54178
54180
54183
54184
54185
54186
54187
54193
54194
54195
54197
54198
54201
54220
54230
54231
54232
54233
54234
54235
54236
54237
54238
54239
54240
54241
54242
54243
54244
54245
54246
54247
54266
54272
54273
54274
54275
54285
54286
54287
54288
54291
54292
54293
54294
54295
54301
54320
54330
54331
54332
54333
54334
54335
54336
54337
54350
54351
54380
54381
54391
54392
54393
54394
54395
54401
54420
54430
54431
54432
54433
54434
54435
54436
54450
54481
54491
54492
54493
54494
54520
54530
54531
54532
54533
54534
54535
54541
54572
54590
54591
54592
54593
54594
54595
54601
54620
54630
54631
54632
54633
54634
54672
54673
54681
54682
54691
54692
54693
54694
54695
54702
54730
54731
54772
54781
54782
54791
54792
54793
54802
54820
54821
54822
54831
54832
54873
54874
54891
54892
54893
54902
54903
54904
54905
54906
54920
54921
54931
54934
54937
54938
54939
54940
54942
54943
54947
54948
54949
54950
54951
54952
54953
54954
54955
54956
54960
54961
54962
54963
54964
54965
54966
54967
54970
54976
54977
54991
54994
54996
54998
54999
55302
55303
55305
55307
55308
55309
55310
55311
55312
55313
55314
55315
55316
55317
55318
55319
55320
55321
55322
55323
55324
55329
55330
55331
55332
55333
55334
55335
55336
55337
55338
55339
55340
55438
55439
55445
55446
55447
55448
55449
55450
55451
55452
55453
55454
55456
55457
55458
55459
55462
55463
55464
55465
55466
55472
55473
55474
55475
55592
55593
55594
55610
55611
55612
55614
55625
55626
55627
55628
55629
55631
55632
55633
55650
55652
55999
56028
56130
56131
56132
56133
56134
56135
56136
56138
56139
56140
56141
56142
56143
56144
56146
56148
56149
56150
56151
56160
56161
56162
56163
56182
56183
56184
56185
56191
56192
56193
56195
56196
56230
56231
56232
56233
56240
56241
56242
56250
56291
56301
56320
56331
56332
56391
56392
56393
56394
56431
56432
56433
56434
56435
56436
56491
56501
56531
56532
56533
56534
56576
56591
56592
56593
56594
56596
56597
56631
56632
56633
56634
56635
56636
56637
56691
56692
56693
56701
56730
56731
56732
56733
56791
56792
56793
56830
56831
56832
56891
56892
56893
57103
57106
57110
57119
57120
57121
57122
57123
57124
57125
57129
57131
57132
57133
57134
57135
57136
57137
57138
57139
57140
57141
57142
57143
57161
57162
57163
57164
57165
57166
57167
57168
57169
57171
57172
57173
57174
57175
57176
57177
57178
57180
57181
57182
57183
57185
57188
57192
57193
57194
57195
57197
57230
57231
57232
57233
57234
57235
57236
57237
57240
57241
57242
57250
57251
57255
57256
57257
57258
57260
57261
57262
57263
57273
57274
57275
57276
57283
57291
57292
57293
57295
57296
57297
57331
57332
57333
57334
57335
57336
57337
57338
57339
57340
57341
57342
57343
57361
57373
57374
57375
57376
57377
57391
57392
57393
57394
57395
57396
57397
57398
57399
57431
57432
57433
57434
57435
57436
57437
57438
57439
57440
57441
57442
57443
57450
57453
57454
57455
57471
57472
57473
57474
57475
57476
57481
57491
57492
57493
57494
57495
57496
57497
57498
57531
57532
57533
57534
57535
57536
57537
57538
57539
57591
57592
57593
57594
57595
57596
57597
57598
57599
57601
57631
57632
57633
57635
57636
57680
57691
57692
57693
57694
57695
57696
57697
57730
57731
57732
57733
57734
57735
57736
57737
57738
57739
57750
57751
57771
57772
57773
57774
57775
57776
57777
57790
57791
57792
57793
57794
57795
57796
57797
57798
57799
57831
57832
57833
57874
57875
57891
57892
57893
57894
57895
57930
57931
57932
57933
57940
57971
57972
57990
57991
57992
57993
57994
57995
57996
58128
58180
58181
58182
58183
58184
58185
58186
58187
58188
58189
58190
58191
58192
58193
58194
58195
58196
58197
58198
58211
58212
58213
58214
58215
58216
58217
58218
58219
58220
58221
58222
58223
58224
58225
58226
58227
58228
58229
58230
58231
58232
58233
58234
58235
58236
58237
58238
58239
58240
58241
58242
58243
58244
58245
58246
58247
58248
58249
58252
58253
58254
58255
58256
58272
58273
58274
58275
58276
58277
58278
58326
58327
58328
58329
58330
58331
58332
58333
58334
58335
58336
58337
58338
58360
58371
58372
58391
58392
58393
58394
58422
58430
58431
58432
58433
58434
58435
58436
58437
58439
58561
58562
58563
58564
58565
58571
58572
58573
58574
58575
58576
58577
58578
58591
58592
58593
58594
58595
58596
58597
58598
58599
58642
58643
58644
58645
58646
58647
58648
58649
58662
58663
58665
58666
58723
58724
58725
58726
58727
58729
58731
58732
58733
58734
58735
58736
58737
58738
58739
58750
58751
58752
58753
58754
58758
58801
58802
58809
58813
58815
58818
58820
58921
58923
58925
58927
58929
58931
58933
58935
58937
58939
58941
58943
58950
58951
58952
58953
58955
58957
58961
58963
58964
58965
59036
59037
59038
59039
59042
59043
59044
59045
59046
59053
59054
59090
59093
59126
59127
59130
59131
59132
59133
59134
59135
59136
59137
59138
59139
59145
59146
59147
59150
59151
59152
59153
59154
59155
59160
59161
59162
59170
59171
59172
59173
59174
59175
59176
59177
59178
59179
59181
59182
59184
59185
59186
59190
59191
59192
59193
59194
59195
59196
59197
59198
59199
59230
59231
59232
59240
59241
59242
59243
59280
59281
59291
59292
59293
59294
59330
59331
59332
59333
59334
59335
59336
59337
59338
59339
59340
59341
59342
59343
59344
59350
59351
59352
59353
59354
59361
59362
59370
59371
59372
59373
59374
59375
59376
59391
59392
59393
59395
59396
59397
59430
59431
59432
59470
59471
59472
59473
59474
59475
59491
59492
59493
59494
59530
59531
59532
59533
59534
59535
59540
59541
59542
59543
59544
59550
59551
59552
59553
59554
59557
59558
59559
59570
59571
59572
59573
59575
59576
59580
59581
59591
59592
59593
59594
59595
59596
59597
59601
59620
59621
59622
59623
59631
59632
59633
59634
59636
59691
59692
59693
59695
59730
59731
59732
59740
59742
59743
59750
59752
59753
59755
59780
59791
59794
59795
59796
59797
59830
59831
59832
59834
59835
59836
59837
59838
59839
59840
59870
59871
59872
59873
59874
59875
59891
59892
59893
59894
59895
59896
59897
59898
59901
59920
59921
59922
59923
59931
59932
59933
59980
59991
59992
59993
59994
60160
60169
60170
60171
60172
60173
60174
60176
60177
60178
60179
60180
60181
60182
60183
60184
60185
60186
60187
60188
60189
60208
60209
60210
60211
60212
60213
60214
60215
60216
60217
60218
60219
60220
60221
60222
60223
60224
60225
60226
60227
60228
60229
60230
60231
60232
60233
60234
60235
60238
60239
60240
60241
60242
60243
60244
60245
60246
60247
60251
60336
60337
60345
60347
60348
60349
60350
60351
60352
60353
60354
60355
60356
60357
60358
60359
60360
60361
60362
60363
60364
60365
60366
60367
60368
60369
60370
60371
60372
60373
60374
60375
60376
60377
60378
60379
60380
60381
60382
60383
60385
60386
60387
60560
60570
60580
60584
60591
60592
60593
60594
60595
60596
60597
60599
61024
61025
61027
61029
61031
61033
61105
61130
61131
61132
61133
61134
61135
61136
61137
61138
61139
61144
61145
61146
61147
61150
61155
61156
61157
61160
61161
61162
61163
61164
61165
61166
61167
61168
61170
61172
61173
61174
61175
61176
61179
61180
61181
61182
61183
61184
61185
61186
61188
61189
61190
61191
61192
61193
61194
61195
61196
61197
61198
61199
61220
61230
61231
61232
61233
61234
61235
61236
61237
61238
61240
61241
61242
61243
61244
61245
61246
61247
61271
61272
61273
61274
61275
61276
61280
61281
61282
61283
61291
61292
61293
61294
61295
61296
61320
61322
61323
61324
61330
61331
61332
61333
61335
61336
61337
61338
61340
61341
61351
61380
61381
61420
61430
61431
61432
61433
61434
61480
61481
61482
61490
61492
61493
61494
61495
61496
61497
61498
61499
61520
61530
61531
61532
61533
61571
61572
61573
61574
61575
61580
61591
61592
61593
61594
61595
61596
61620
61630
61631
61632
61633
61634
61635
61690
61691
61710
61720
61730
61731
61732
61734
61771
61790
61791
61792
61820
61830
61831
61832
61833
61834
61835
61892
61893
61895
61901
61920
61921
61922
61923
61930
61931
61932
61933
61934
61935
61936
61971
61972
61973
61980
61991
61992
61994
61995
62100
62137
62138
62139
62140
62141
62142
62143
62144
62145
62146
62147
62149
62150
62151
62152
62153
62154
62155
62156
62157
62158
62165
62170
62171
62173
62174
62175
62176
62177
62178
62179
62180
62181
62182
62184
62185
62186
62187
62188
62189
62191
62192
62193
62194
62195
62196
62199
62230
62232
62234
62236
62238
62240
62242
62244
62246
62248
62250
62252
62254
62256
62258
62259
62260
62261
62265
62266
62270
62275
62276
62330
62331
62332
62333
62335
62336
62337
62338
62340
62341
62342
62343
62344
62346
62347
62348
62349
62350
62351
62352
62353
62354
62355
62356
62357
62359
62360
62361
62362
62363
62364
62365
62366
62367
62368
62369
62370
62371
62372
62374
62375
62376
62377
62378
62379
62430
62432
62434
62436
62438
62440
62442
62444
62446
62448
62449
62450
62452
62453
62454
62455
62456
62458
62460
62462
62464
62465
62466
62467
62470
63009
63181
63184
63185
63186
63187
63188
63189
63190
63193
63194
63217
63218
63219
63220
63221
63222
63223
63224
63225
63226
63227
63228
63229
63230
63231
63232
63233
63234
63235
63236
63237
63239
63340
63341
63342
63343
63344
63345
63346
63347
63348
63349
63350
63351
63352
63353
63354
63355
63356
63357
63358
63359
63360
63361
63362
63363
63364
63369
63370
63502
63503
63504
63505
63506
63507
63508
63509
63510
63511
63512
63513
63514
63517
63518
63519
63520
63531
63532
63534
63535
63536
63537
64130
64131
64132
64133
64134
64135
64136
64137
64138
64139
64145
64146
64147
64148
64149
64150
64151
64152
64153
64161
64162
64163
64164
64181
64182
64191
64192
64193
64194
64195
64196
64197
64198
64199
64231
64232
64233
64234
64235
64236
64237
64260
64261
64262
64263
64281
64282
64283
64284
64291
64292
64293
64294
64295
64296
64297
64298
64330
64331
64332
64333
64360
64362
64380
64391
64392
64393
64394
64395
64396
64397
64398
64399
64430
64431
64432
64433
64434
64435
64436
64530
64531
64532
64533
64534
64535
64540
64541
64542
64543
64544
64545
64547
64550
64551
64552
64559
64561
64562
64571
64580
64582
64583
64584
64587
64591
64592
64593
64594
64596
64597
64601
64621
64622
64623
64630
64631
64632
64633
64634
64635
64650
64651
64680
64691
64692
64693
64694
64695
64696
64705
64730
64731
64732
64733
64735
64750
64751
64752
64781
64791
64792
64793
64795
64830
64831
64930
64991
65012
65100
65101
65180
65182
65183
65184
65185
65186
65187
65188
65189
65209
65210
65211
65212
65213
65214
65215
65216
65217
65218
65219
65220
65221
65222
65223
65224
65225
65226
65227
65228
65229
65230
65231
65232
65233
65237
65301
65336
65337
65338
65339
65340
65341
65342
65343
65344
65345
65346
65347
65348
65349
65350
65351
65352
65450
65454
65455
65457
65458
65459
65460
65461
65462
65463
65464
65465
65466
65467
65468
65469
65560
65561
65591
65592
65593
65594
65595
65596
65597
65598
65601
65628
65629
65630
65631
65632
65633
65634
65635
65636
65637
65638
65639
65671
65672
66100
66120
66121
66122
66123
66124
66125
66126
66129
66130
66131
66132
66133
66140
66141
66142
66143
66180
66181
66191
66192
66193
66194
66195
66196
66200
66203
66220
66221
66222
66223
66224
66227
66230
66231
66232
66233
66234
66235
66236
66237
66250
66291
66292
66295
66296
66297
66298
66301
66311
66312
66320
66321
66322
66329
66330
66331
66332
66333
66334
66340
66341
66342
66343
66344
66391
66392
66401
66420
66421
66422
66423
66428
66430
66431
66432
66433
66434
66440
66450
66451
66452
66480
66491
66492
66493
66494
66495
66496
66501
66521
66522
66523
66524
66525
66530
66531
66532
66533
66534
66535
66591
66592
66593
66594
66595
66596
66600
66601
66620
66621
66622
66623
66624
66625
66630
66631
66632
66640
66641
66691
66692
66693
66694
66695
66701
66720
66721
66722
66729
66730
66731
66732
66733
66734
66791
66800
66801
66830
66831
66832
66840
66888
66891
66892
66893
66894
66895
66920
66921
66922
66927
66930
66931
66932
66991
66992
67101
67120
67130
67131
67132
67133
67134
67140
67141
67142
67150
67151
67152
67160
67170
67180
67181
67182
67191
67192
67193
67194
67195
67196
67197
67198
67201
67220
67221
67222
67223
67224
67229
67230
67231
67232
67241
67291
67292
67293
67294
67295
67296
67301
67320
67321
67322
67329
67331
67332
67334
67335
67337
67391
67392
67393
67396
67397
67398
67399
68051
68052
68060
68061
68063
68065
68101
68104
68120
68121
68122
68123
68124
68125
68126
68127
68128
68129
68130
68131
68132
68133
68134
68135
68136
68137
68138
68140
68141
68142
68143
68150
68151
68152
68153
68154
68155
68160
68161
68180
68183
68184
68191
68192
68193
68194
68195
68196
68201
68220
68221
68222
68223
68224
68227
68230
68231
68232
68233
68234
68240
68260
68282
68290
68291
68292
68293
68294
68301
68320
68321
68322
68323
68324
68329
68330
68331
68332
68333
68334
68340
68360
68361
68362
68380
68385
68391
68392
68393
68394
68395
68401
68420
68421
68422
68423
68428
68430
68431
68432
68491
68492
68493
68495
68501
68520
68530
68532
68533
68534
68580
68591
68592
68593
68594
68597
68599
68601
68620
68621
68622
68623
68624
68625
68626
68628
68629
68630
68631
68633
68634
68635
68691
68692
68693
68694
68695
68696
68697
68698
68821
68822
68823
68829
68830
68831
68891
68892
69045
69101
69131
69132
69133
69134
69135
69136
69137
69138
69141
69142
69143
69144
69145
69146
69147
69148
69150
69151
69152
69153
69154
69180
69181
69182
69183
69185
69186
69191
69192
69193
69194
69201
69230
69231
69232
69233
69234
69235
69236
69237
69238
69271
69272
69273
69275
69280
69281
69282
69291
69292
69293
69301
69303
69330
69331
69332
69333
69334
69335
69370
69373
69380
69381
69391
69392
69393
69394
69395
69420
69430
69431
69432
69433
69434
69435
69436
69437
69450
69460
69472
69480
69481
69482
69491
69492
69493
69494
69495
69496
69497
69498
69499
69501
69530
69531
69532
69550
69560
69572
69580
69581
69584
69585
69591
69592
69593
69594
69595
69596
69597
69601
69630
69631
69632
69633
69634
69673
69674
69675
69676
69680
69681
69691
69692
69693
69694
69695
69696
69697
69721
69722
69730
69731
69732
69774
69780
69791
69792
69793
69794
70100
70101
70123
70181
70182
70183
70184
70185
70186
70187
70188
70189
70190
70191
70192
70201
70210
70211
70212
70213
70214
70215
70216
70217
70218
70219
70221
70222
70223
70224
70225
70226
70227
70228
70229
70230
70231
70232
70233
70234
70235
70236
70237
70238
70239
70240
70241
70242
70243
70244
70251
70252
70253
70254
70280
70281
70282
70283
70284
70285
70286
70287
70339
70340
70341
70342
70343
70344
70345
70346
70347
70348
70349
70350
70351
70352
70353
70354
70355
70356
70357
70358
70359
70360
70361
70362
70363
70364
70365
70366
70367
70368
70369
70370
70371
70372
70373
70374
70375
70376
70378
70380
70381
70382
70383
70384
70385
70510
70591
70592
70593
70594
70595
70596
70597
70598
71101
71104
71130
71131
71132
71133
71134
71135
71136
71172
71176
71177
71178
71180
71181
71182
71191
71192
71193
71194
71195
71196
71197
71198
71201
71202
71230
71231
71232
71233
71234
71260
71280
71281
71282
71291
71293
71294
71295
71301
71330
71331
71332
71333
71334
71372
71380
71381
71382
71391
71392
71393
71394
71401
71430
71431
71432
71433
71434
71435
71472
71480
71481
71482
71491
71492
71493
71494
71501
71521
71531
71532
71572
71591
71592
71593
71594
71595
71596
71601
71630
71631
71681
71691
71692
71693
71694
71801
71820
71821
71822
71830
71831
71832
71833
71840
71880
71881
71891
71892
71893
71894
71895
71896
71897
71921
71922
71930
71931
71932
71940
71941
71980
71991
71992
71993
71994
71995
72130
72131
72132
72133
72134
72135
72136
72137
72138
72150
72151
72159
72161
72162
72163
72164
72165
72166
72167
72168
72169
72170
72173
72174
72175
72176
72178
72182
72183
72184
72185
72186
72187
72189
72209
72210
72211
72212
72213
72214
72215
72216
72217
72218
72219
72220
72221
72222
72223
72224
72225
72226
72227
72228
72231
72233
72240
72241
72242
72243
72244
72245
72246
72301
72334
72335
72336
72337
72338
72339
72340
72341
72342
72343
72344
72345
72346
72347
72348
72349
72350
72351
72352
72353
72355
72356
72357
72358
72359
72401
72455
72460
72461
72462
72463
72464
72465
72466
72467
72468
72469
72470
72471
72472
72473
72474
72475
72476
72477
72478
72479
72480
72481
72482
72483
72484
72487
72590
72591
72592
72593
72594
72595
72596
72597
72598
72630
72631
72691
72692
72800
72802
72804
72805
73110
73111
73112
73113
73114
73115
73130
73131
73132
73133
73134
73135
73136
73137
73140
73141
73142
73143
73150
73151
73152
73153
73154
73160
73170
73180
73181
73191
73192
73193
73194
73195
73196
73197
73198
73226
73230
73231
73232
73233
73234
73245
73246
73247
73248
73249
73250
73271
73272
73273
73281
73291
73292
73293
73294
73295
73296
73297
73298
73330
73331
73332
73333
73334
73335
73336
73337
73338
73339
73340
73360
73361
73362
73363
73373
73375
73391
73392
73393
73394
73395
73396
73397
73398
73399
73430
73431
73432
73433
73434
73435
73436
73437
73438
73439
73440
73450
73451
73491
73492
73493
73494
73531
73532
73533
73534
73535
73536
73537
73538
73560
73591
73592
73601
73620
73621
73622
73623
73625
73630
73631
73632
73633
73634
73635
73636
73691
73692
73693
73730
73731
73732
73733
73734
73740
73741
73742
73743
73744
73745
73746
73747
73748
73749
73761
73780
73781
73782
73790
73791
73792
73830
73831
73832
73833
73834
73835
73850
73891
73892
73930
73931
73970
73991
73992
73993
74044
74045
74046
74047
74048
74130
74131
74132
74139
74140
74141
74142
74143
74144
74145
74146
74147
74151
74152
74171
74172
74173
74174
74175
74176
74177
74178
74180
74190
74191
74192
74193
74194
74195
74197
74198
74203
74231
74232
74233
74234
74235
74236
74241
74242
74243
74250
74291
74292
74293
74294
74295
74296
74297
74330
74332
74334
74335
74340
74341
74345
74350
74361
74362
74363
74364
74371
74372
74373
74374
74381
74382
74386
74387
74391
74392
74393
74394
74395
74431
74432
74450
74451
74481
74488
74491
74492
74493
74494
74495
74496
74497
74530
74531
74532
74533
74534
74536
74537
74538
74539
74560
74561
74562
74563
74564
74569
74571
74580
74582
74584
74585
74588
74592
74593
74594
74595
74596
74597
74598
74599
74630
74631
74632
74633
74634
74635
74636
74637
74638
74639
74640
74641
74649
74650
74651
74652
74680
74691
74692
74693
74694
74695
74696
74730
74731
74732
74740
74741
74742
74743
74744
74780
74791
74792
74793
74794
74795
74830
74831
74832
74840
74841
74842
74850
74891
74892
74893
74894
74895
74896
74935
74940
74941
74942
74943
74944
74945
74946
74947
74948
74949
74950
74951
74952
74959
74960
74961
74962
74963
74970
74971
74972
74981
75170
75171
75174
75181
75182
75183
75184
75185
75186
75187
75188
75189
75215
75216
75217
75218
75219
75220
75221
75222
75223
75224
75225
75226
75227
75228
75229
75230
75231
75232
75233
75234
75235
75236
75237
75238
75239
75240
75241
75242
75243
75244
75254
75255
75256
75257
75258
75260
75261
75262
75263
75264
75265
75266
75267
75268
75269
75271
75272
75273
75275
75308
75309
75310
75311
75312
75313
75314
75315
75316
75317
75318
75319
75320
75321
75322
75323
75324
75325
75326
75327
75328
75329
75330
75331
75332
75333
75334
75335
75336
75337
75340
75341
75342
75375
75418
75419
75420
75421
75422
75423
75424
75425
75426
75427
75428
75429
75430
75431
75432
75433
75434
75435
75436
75437
75439
75440
75441
75442
75443
75444
75445
75446
75447
75448
75449
75450
75451
75452
75453
75454
75455
75460
75463
75471
75472
75473
75474
75550
75576
75577
75578
75591
75592
75593
75594
75598
75642
75643
75644
75645
75646
75647
75648
75649
75650
75651
75652
75653
75654
75655
75656
75657
75658
75659
75660
75752
75753
75754
75755
75756
75757
75758
75759
76015
76017
76018
76019
76021
76044
76111
76112
76113
76130
76131
76132
76133
76134
76140
76141
76142
76143
76144
76145
76146
76147
76148
76149
76150
76151
76152
76153
76154
76160
76161
76162
76163
76164
76165
76171
76172
76173
76174
76175
76176
76184
76188
76191
76193
76194
76196
76197
76198
76231
76241
76251
76261
76262
76271
76291
76292
76293
76294
76295
76296
76297
76298
76330
76334
76335
76340
76341
76342
76343
76371
76381
76382
76390
76391
76392
76393
76394
76430
76431
76453
76454
76456
76457
76491
76492
76493
77010
77012
77013
77014
77130
77131
77132
77133
77134
77135
77136
77140
77141
77142
77143
77150
77151
77152
77153
77154
77155
77160
77165
77180
77181
77182
77183
77190
77192
77194
77230
77231
77232
77240
77250
77270
77280
77290
77292
77294
77404
77430
77431
77432
77433
77434
77435
77440
77441
77460
77461
77462
77463
77467
77468
77481
77482
77489
77491
77492
77493
77494
77497
77498
77499
77550
77551
77553
77554
77570
77571
77595
77596
77630
77631
77632
77633
77634
77635
77636
77670
77671
77672
77673
77674
77690
77691
77692
77693
77695
77696
77697
77698
77730
77731
77732
77733
77734
77750
77751
77760
77780
77781
77782
77790
77791
77793
77794
78061
78064
78066
78067
78068
78069
78091
78160
78161
78162
78168
78169
78170
78171
78172
78173
78174
78181
78182
78183
78184
78185
78187
78188
78190
78191
78192
78193
78194
78195
78196
78197
78198
78199
78227
78230
78231
78233
78234
78235
78275
78290
78291
78330
78331
78332
78334
78335
78390
78391
78392
78393
78430
78431
78432
78433
78434
78435
78436
78437
78439
78440
78441
78442
78443
78444
78445
78450
78451
78452
78453
78454
78455
78456
78460
78461
78462
78463
78465
78466
78467
78468
78472
78473
78474
78475
78476
78477
78478
78530
78542
78543
78560
78561
78562
78563
78580
78591
78592
78631
78632
78633
78671
78672
78691
78692
78693
78694
78695
78697
79015
79020
79021
79022
79023
79024
79025
79026
79130
79131
79132
79133
79134
79135
79136
79137
79138
79140
79141
79142
79143
79144
79145
79146
79147
79150
79151
79152
79153
79155
79156
79160
79161
79162
79170
79171
79172
79173
79174
79175
79176
79177
79180
79182
79183
79184
79185
79186
79188
79191
79192
79193
79194
79195
79196
79230
79231
79232
79233
79234
79235
79236
79237
79250
79251
79252
79253
79275
79277
79280
79285
79290
79291
79292
79293
79294
79295
79296
79297
79298
79304
79311
79312
79330
79331
79332
79333
79335
79336
79340
79341
79350
79360
79370
79385
79390
79391
79392
79393
79394
79397
79430
79431
79432
79433
79434
79490
79491
79492
79493
79495
79498
79530
79531
79532
79533
79535
79536
79570
79571
79590
79591
79592
79595
79596
79597
79622
79625
79626
79630
79631
79690
79691
79692
79699
79731
79771
79791
79792
80170
80172
80173
80181
80182
80183
80184
80185
80186
80187
80188
80250
80251
80252
80253
80254
80255
80256
80257
80258
80260
80261
80262
80263
80264
80265
80266
80267
80269
80270
80271
80272
80274
80275
80276
80277
80280
80281
80282
80283
80284
80285
80286
80287
80288
80291
80292
80293
80301
80302
80309
80310
80311
80320
80321
80322
80323
80324
80325
80423
80424
80425
80426
80427
80428
80429
80430
80431
80432
80433
80434
80591
80592
80595
80596
80597
80598
80600
80626
80627
80628
80630
80631
80632
80633
80634
80635
80636
80637
80638
80641
80642
80643
80645
80646
80647
80648
80649
81130
81131
81132
81133
81134
81135
81136
81137
81138
81139
81140
81141
81142
81150
81151
81152
81153
81154
81160
81161
81162
81170
81171
81173
81174
81180
81181
81188
81189
81191
81192
81193
81194
81195
81196
81197
81198
81199
81230
81231
81240
81241
81251
81290
81292
81293
81294
81330
81331
81332
81333
81334
81335
81336
81340
81381
81382
81391
81394
81395
81396
81430
81431
81432
81440
81441
81442
81470
81481
81491
81492
81493
81494
81495
81535
81536
81537
81538
81540
81541
81544
81545
81569
81575
81576
81580
81582
81591
81592
81593
81594
81595
81596
81630
81631
81680
81690
81691
81692
81693
81694
81695
81730
81740
81791
81792
81793
81794
81830
81831
81832
81833
81834
81835
81841
81842
81843
81845
81891
81892
81895
81896
81930
81940
81961
81962
81963
81964
81965
81966
82100
82130
82131
82132
82133
82134
82135
82136
82140
82141
82142
82143
82150
82151
82158
82160
82161
82162
82163
82167
82168
82181
82191
82192
82193
82194
82195
82198
82230
82231
82240
82281
82291
82292
82299
82330
82380
82391
82392
82393
82430
82431
82432
82433
82434
82435
82439
82440
82441
82442
82443
82444
82445
82450
82451
82452
82453
82454
82455
82456
82460
82461
82462
82465
82466
82467
82470
82471
82472
82473
82474
82477
82478
82479
82480
82481
82482
82483
82491
82492
82493
82494
82495
82496
82500
82519
82530
82531
82532
82580
82591
82592
82593
82595
82596
82601
82630
82631
82632
82634
82635
82636
82637
82639
82640
82650
82660
82661
82662
82666
82667
82668
82669
82670
82672
82673
82675
82676
82677
82679
82680
82681
82682
82691
82692
82693
82694
82695
82700
82730
82731
82732
82733
82734
82735
82740
82750
82751
82752
82753
82754
82760
82761
82762
82763
82770
82771
82772
82773
82780
82781
82791
82792
82793
82794
82795
82830
82831
82832
82833
82834
82880
82881
82891
82892
82893
82894
82895
82899
82950
82951
82952
82953
82960
82961
82962
82991
82995
82996
82998
83021
83044
83130
83131
83132
83133
83134
83135
83136
83137
83138
83139
83140
83141
83142
83143
83144
83145
83146
83147
83148
83149
83150
83151
83152
83153
83154
83156
83157
83158
83159
83160
83161
83162
83163
83164
83165
83166
83170
83171
83172
83173
83174
83175
83176
83177
83178
83180
83181
83182
83183
83184
83185
83186
83187
83189
83191
83192
83241
83242
83243
83244
83245
83247
83248
83251
83253
83254
83255
83256
83293
83294
83296
83301
83321
83322
83323
83324
83331
83332
83333
83334
83335
83336
83341
83348
83349
83351
83359
83361
83380
83381
83382
83391
83392
83393
83394
83395
83396
83397
83398
83399
83401
83420
83421
83431
83432
83433
83434
83496
83497
83498
83499
83501
83520
83521
83522
83531
83532
83533
83539
83540
83541
83542
83561
83562
83563
83564
83567
83568
83580
83591
83592
83593
83594
83595
83596
83597
83598
83599
83631
83670
83671
83672
83691
83692
83693
83695
83731
83732
83741
83751
83752
83771
83772
83773
83774
83775
83791
83792
83793
83794
83795
83796
83797
83798
83799
84120
84121
84122
84131
84132
84133
84134
84144
84171
84172
84173
84174
84175
84176
84177
84181
84191
84192
84193
84194
84195
84196
84197
84198
84199
84201
84220
84221
84222
84231
84232
84233
84234
84235
84271
84280
84290
84291
84292
84293
84294
84295
84296
84297
84299
84331
84332
84341
84391
84392
84393
84394
84395
84396
84397
84398
84431
84432
84441
84451
84461
84491
84492
84493
84494
84495
84496
84497
84498
84531
84551
84552
84561
84562
84571
84572
84573
84591
84593
84594
84595
84597
84598
84599
84631
84671
84672
84673
84674
84691
84692
84693
84694
84695
84696
84697
84698
84699
85015
85170
85171
85172
85173
85174
85175
85176
85178
85179
85180
85181
85182
85183
85184
85185
85186
85187
85188
85189
85190
85192
85193
85194
85196
85198
85229
85231
85232
85233
85234
85236
85237
85238
85240
85241
85242
85243
85244
85350
85351
85352
85353
85356
85357
85358
85359
85460
85461
85462
85463
85466
85467
85468
85561
85590
85591
85592
85597
85598
85599
85630
85631
85632
85633
85634
85635
85636
85640
85641
85642
85643
85644
85645
85650
85651
85652
85653
85730
85731
85732
85733
85734
85735
85740
85741
85742
85750
85751
85752
86030
86123
86131
86132
86133
86134
86135
86136
86138
86139
86141
86142
86143
86145
86151
86152
86181
86182
86183
86191
86192
86193
86194
86195
86231
86232
86233
86234
86240
86241
86291
86292
86294
86295
86296
86300
86331
86332
86333
86334
86335
86336
86337
86341
86342
86431
86432
86433
86441
86491
86492
86495
86496
86531
86532
86533
86551
86591
86592
87130
87131
87132
87133
87134
87140
87141
87142
87145
87150
87151
87152
87153
87154
87160
87161
87162
87165
87166
87171
87180
87182
87185
87186
87187
87188
87191
87192
87193
87194
87195
87196
87197
87198
87230
87231
87232
87233
87234
87235
87236
87243
87263
87264
87275
87280
87291
87292
87293
87294
87295
87296
87297
87298
87330
87340
87350
87371
87372
87380
87381
87391
87392
87393
87394
87395
87396
87397
87398
87399
88130
88131
88132
88133
88134
88135
88140
88141
88150
88151
88152
88160
88170
88180
88181
88191
88192
88193
88194
88195
88196
88197
88198
88199
88230
88240
88250
88280
88281
88291
88293
88295
88370
88371
88372
88391
88392
88393
88394
88395
88396
88397
89130
89131
89132
89133
89134
89135
89136
89137
89138
89139
89140
89141
89142
89143
89144
89145
89150
89151
89155
89160
89161
89162
89163
89164
89165
89177
89178
89180
89182
89185
89186
89188
89189
89190
89192
89195
89196
89230
89231
89232
89233
89234
89240
89241
89242
89243
89250
89251
89292
89301
89330
89331
89340
89380
89391
89392
89395
89396
89399
89430
89431
89435
89440
89441
89491
89493
89495
89530
89540
89580
89591
89592
89593
89595
89597
89598
89599
89621
89631
89632
89680
89691
89693
89730
89790
89791
89792
89793
90130
90131
90132
90133
90137
90170
90173
90174
90175
90176
90177
90178
90179
90180
90181
90182
90183
90184
90185
90186
90187
90188
90189
90320
90321
90322
90323
90325
90326
90327
90328
90329
90330
90331
90332
90333
90334
90335
90336
90337
90338
90339
90340
90341
90342
90343
90344
90345
90346
90347
90351
90352
90353
90354
90355
90360
90361
90362
90363
90364
90365
90420
90421
90422
90426
90430
90431
90432
90433
90434
90435
90436
90440
90441
90531
90532
90571
90572
90580
90581
90582
90583
90586
90587
90588
90591
90592
90593
90594
90595
90596
90620
90621
90622
90624
90625
90626
90627
90628
90629
90630
90637
90638
90640
90641
90642
90643
90650
90651
90652
90653
90654
90655
90656
90657
90660
90727
90728
90729
90730
90731
90732
90733
90734
90735
90736
90737
90738
90739
90740
90741
90742
90743
90746
90749
90750
90751
90752
90753
90754
90755
90788
91130
91131
91132
91133
91134
91135
91136
91181
91182
91191
91192
91193
91194
91231
91232
91233
91234
91270
91281
91290
91291
91292
91293
91294
91295
91297
91298
91299
91331
91332
91333
91334
91335
91341
91342
91380
91431
91432
91433
91441
91481
91490
91491
91492
91493
91494
91495
91496
91497
91498
91521
91523
91531
91532
91534
91581
91591
91592
91593
91594
91595
91596
91597
91598
91631
91681
91691
91692
91693
91695
91701
91702
91703
91704
91721
91722
91731
91732
91781
91782
91791
91792
91793
91794
91795
91796
91797
91799
91803
91831
91832
91833
91834
91891
91892
91921
91931
91932
91985
91991
91992
91993
91994
91995
92131
92132
92133
92134
92135
92136
92137
92141
92142
92145
92146
92170
92171
92172
92173
92174
92181
92182
92192
92193
92194
92195
92196
92197
92198
92199
92231
92232
92263
92265
92266
92267
92273
92275
92276
92281
92282
92290
92291
92292
92293
92294
92295
92331
92332
92341
92342
92381
92394
92395
92396
92397
92398
92399
92431
92432
92492
92493
92494
92495
92498
92531
92532
92591
92592
92593
93129
93130
93131
93132
93133
93134
93135
93136
93137
93138
93139
93140
93141
93142
93143
93144
93145
93146
93147
93148
93149
93150
93151
93152
93153
93154
93155
93156
93157
93158
93159
93160
93161
93162
93163
93164
93165
93170
93171
93176
93177
93178
93180
93185
93186
93187
93191
93192
93193
93194
93195
93196
93197
93198
93199
93223
93231
93232
93233
93234
93235
93236
93237
93251
93252
93261
93281
93282
93283
93291
93293
93294
93321
93322
93327
93331
93332
93333
93334
93381
93382
93383
93390
93391
93392
93393
93394
93395
93399
93431
93432
93441
93451
93452
93461
93481
93482
93491
93492
93493
93494
93495
93496
93497
93498
93521
93531
93532
93570
93581
93591
93592
93593
93594
93631
93632
93651
93681
93691
93692
93693
93694
93695
93731
93732
93733
93780
93791
93792
93793
93794
93795
93796
93831
93832
93891
93892
93893
93894
93895
93896
93897
93931
93932
93991
93992
93993
93994
93995
94126
94128
94131
94132
94133
94134
94135
94136
94137
94138
94139
94140
94141
94142
94143
94146
94147
94148
94150
94151
94152
94153
94161
94162
94163
94164
94165
94166
94180
94185
94186
94187
94191
94192
94199
94203
94204
94205
94231
94232
94233
94234
94235
94236
94281
94282
94285
94291
94292
94293
94294
94295
94320
94331
94332
94333
94335
94336
94420
94421
94431
94432
94471
94472
94473
94491
94492
94493
94494
94531
94532
94533
94534
94591
94592
94593
94631
94640
94691
94692
94699
95204
95231
95232
95233
95234
95235
95236
95241
95242
95243
95244
95250
95251
95261
95262
95263
95270
95271
95272
95281
95282
95283
95291
95292
95293
95294
95295
95296
95297
95298
95331
95332
95333
95334
95335
95336
95337
95385
95391
95392
95393
95394
95395
95431
95432
95433
95434
95435
95441
95442
95531
95532
95591
95592
95595
95596
95599
95631
95632
95681
95691
95692
95693
95698
95699
95723
95731
95732
95785
95791
95792
95793
95794
95795
95796
95799
96131
96132
96133
96134
96135
96136
96137
96138
96139
96140
96142
96143
96144
96145
96146
96147
96148
96149
96150
96151
96161
96162
96164
96167
96168
96173
96174
96175
96176
96177
96178
96186
96190
96191
96192
96193
96194
96195
96196
96197
96198
96199
96201
96203
96205
96206
96225
96226
96231
96232
96233
96270
96285
96291
96293
96294
96295
96296
96297
96298
96299
97171
97172
97173
97176
97177
97179
97180
97181
97182
97183
97185
97186
97187
97188
97189
97221
97222
97223
97231
97232
97233
97234
97235
97236
97238
97239
97241
97242
97245
97251
97252
97253
97254
97300
97321
97322
97323
97324
97325
97327
97328
97329
97331
97332
97333
97334
97335
97341
97342
97343
97344
97345
97346
97347
97421
97422
97423
97432
97433
97434
97435
97436
97437
97438
97439
97441
97442
97443
97444
97445
97451
97452
97453
97454
97455
97499
97561
97591
97592
97593
97594
97595
97596
97597
97598
97626
97627
97631
97632
97633
97634
97636
97721
97722
97751
97752
97753
97754
97755
97756
97775
98107
98130
98131
98132
98133
98134
98135
98136
98137
98138
98139
98140
98141
98142
98143
98144
98145
98146
98147
98180
98184
98185
98186
98187
98191
98192
98193
98194
98195
98199
98203
98204
98205
98206
98207
98220
98231
98232
98234
98235
98236
98237
98238
98239
98241
98260
98261
98271
98272
98281
98282
98290
98291
98292
98293
98297
98298
98299
98303
98328
98331
98332
98333
98334
98335
98336
98341
98381
98431
98432
98433
98470
98485
98490
98491
98492
98493
98494
98495
98496
98497
98498
98499
